일자	시가	고가	저가	종가	5	20	60	120	거래량	5	20	60	120	
20180205	322.05	324.64	303.47	304.83	324.69	326.85	302.45	274.40	550,481,000	536,881,600	460,138,000	395,659,417	381,767,783	
20180129	337.28	339.27	326.30	327.01	329.52	327.29	301.71	273.92	537,749,000	503,449,200	455,776,900	391,471,167	380,361,142	
20180122	328.78	335.38	324.56	335.38	329.07	326.31	300.48	273.25	510,623,000	442,048,400	448,082,350	387,160,500	378,120,667	
20180115	328.57	331.88	326.21	329.52	326.23	324.93	299.09	272.43	491,051,000	424,679,000	440,745,700	383,391,083	375,558,483	
20180108	330.83	332.70	324.22	326.72	325.57	324.02	297.77	271.63	594,504,000	433,487,000	432,932,250	382,107,483	373,928,983	
20180102	325.73	329.52	324.30	328.97	325.17	323.10	296.53	270.92	383,319,000	429,081,400	419,925,350	379,530,650	372,104,333	
20171226	322.14	324.74	316.90	324.74	324.33	321.79	295.25	270.12	230,745,000	443,523,800	421,544,050	378,119,467	372,114,725	
20171218	327.09	329.43	319.55	321.21	326.47	321.22	294.12	269.32	423,776,000	489,124,400	432,533,250	379,438,200	373,493,625	
20171211	325.13	331.22	323.13	326.23	329.06	320.87	293.05	268.57	535,091,000	499,030,800	432,690,700	377,201,583	375,008,483	
20171204	326.31	330.17	322.39	324.68	331.01	320.65	291.86	267.75	572,476,000	492,303,400	425,671,250	373,710,467	374,120,725	
20171127	335.24	335.61	324.50	324.78	333.84	320.28	290.79	267.02	455,531,000	466,576,200	419,638,900	368,300,533	372,227,058	
20171120	334.43	337.05	332.26	335.44	334.73	319.57	289.67	266.31	458,748,000	459,393,400	416,387,550	365,742,167	371,534,683	
20171113	336.63	338.04	331.36	334.18	333.42	318.39	288.38	265.55	473,308,000	453,105,800	417,194,950	362,840,600	371,735,042	
20171106	338.66	339.01	334.53	335.96	332.05	317.19	287.01	264.81	501,454,000	435,492,600	417,582,950	357,300,133	371,888,617	
20171030	331.72	339.59	329.62	338.83	328.11	315.74	285.70	264.09	443,840,000	408,179,400	416,856,950	354,314,567	373,531,833	
20171023	330.24	330.55	326.62	329.23	323.69	314.26	284.33	263.33	419,617,000	408,012,800	415,109,700	351,767,017	375,199,567	
20171016	328.57	329.43	326.04	328.89	320.58	313.19	283.11	262.71	427,310,000	416,741,200	418,431,800	349,943,317	375,352,758	
20171010	321.29	328.44	320.57	327.35	316.29	312.10	281.94	262.09	385,242,000	408,050,800	419,960,850	347,303,850	374,995,308	
20170925	316.81	317.35	312.88	316.27	312.38	310.63	280.75	261.44	364,888,000	403,780,400	420,293,500	346,883,267	375,059,892	
20170918	314.31	320.40	314.17	316.71	311.36	309.73	279.69	260.90	443,007,000	397,759,200	422,834,800	346,529,083	375,916,683	
20170911	309.06	313.69	308.95	313.69	309.70	308.52	278.60	260.39	463,259,000	376,031,000	407,426,650	345,507,800	376,350,450	
20170904	302.52	308.10	302.41	307.43	307.51	307.20	277.54	259.94	383,858,000	366,517,800	403,839,600	342,742,617	375,852,867	
20170828	310.69	311.79	304.24	307.78	308.71	305.83	276.60	259.60	363,890,000	379,852,000	399,528,700	342,319,550	376,368,883	
20170821	309.09	312.16	307.56	311.21	309.98	304.30	275.53	259.21	334,782,000	392,459,000	396,114,000	341,504,583	376,507,317	
20170814	304.99	309.58	303.75	308.39	312.10	302.69	274.45	258.79	334,366,000	404,443,000	394,894,300	342,274,067	376,645,208	
20170807	314.34	315.75	301.32	302.72	313.89	301.31	273.30	258.44	415,693,000	427,935,600	394,142,150	344,290,467	377,340,225	
20170731	312.73	318.86	310.22	313.46	315.48	300.29	272.28	258.18	450,529,000	422,897,800	392,298,050	344,557,100	379,022,008	
20170724	321.74	322.16	313.72	314.13	315.14	298.71	271.20	257.80	426,925,000	427,771,200	389,694,200	343,688,117	380,190,058	
20170717	319.22	322.01	317.52	321.79	314.36	296.61	270.04	257.37	394,702,000	438,599,800	385,803,500	343,731,783	380,336,167	
20170710	311.65	318.40	310.72	317.35	311.36	294.01	268.71	256.82	451,829,000	457,046,200	383,758,450	344,836,783	380,212,042	
20170703	312.50	312.93	309.62	310.66	309.77	291.66	267.40	256.31	390,504,000	448,459,400	379,265,950	344,670,900	379,709,458	
20170626	310.53	313.79	310.13	311.76	309.20	289.57	266.23	255.88	474,896,000	467,570,400	376,768,750	345,767,633	380,165,708	
20170619	307.14	310.63	306.13	310.26	308.24	287.42	265.09	255.38	481,068,000	464,169,400	371,189,150	342,202,267	379,430,167	
20170612	307.74	310.05	305.04	306.79	305.81	285.35	264.00	254.93	486,934,000	446,334,800	361,329,250	344,844,000	378,706,225	
20170605	308.52	310.02	304.17	309.38	304.10	283.53	263.03	254.47	408,895,000	432,090,800	349,213,500	344,547,533	377,647,775	
20170529	307.98	309.32	302.99	307.83	300.72	281.39	262.02	253.97	486,059,000	377,280,600	343,781,100	344,866,267	375,138,525	
20170522	299.76	308.51	298.98	306.96	296.59	279.39	260.91	253.49	457,891,000	358,372,400	335,917,600	344,963,267	373,770,817	
20170515	298.54	301.65	295.66	298.08	291.21	277.20	259.84	253.02	391,895,000	326,322,200	328,168,550	346,621,583	373,120,517	
20170508	292.95	304.26	292.66	298.25	287.06	275.30	258.93	252.62	415,714,000	307,062,400	318,610,750	346,215,567	373,266,475	
20170502	288.60	292.47	288.39	292.47	283.21	273.47	258.04	252.22	134,844,000	285,997,200	310,836,750	345,631,550	372,621,442	
20170424	281.66	289.02	280.81	287.21	280.84	271.97	257.20	251.80	391,518,000	322,893,000	319,413,600	351,315,217	374,230,750	
20170417	278.06	280.89	275.75	280.05	279.86	270.66	256.41	251.45	297,640,000	320,351,600	314,797,000	351,736,433	373,575,092	
20170410	278.69	279.12	275.01	277.31	280.23	269.30	255.66	251.16	295,596,000	340,514,000	313,870,450	352,628,850	372,358,292	
20170403	281.51	282.35	277.63	279.01	279.22	268.05	254.96	250.93	310,388,000	351,217,000	313,313,550	354,527,150	371,470,442	
20170327	281.10	283.11	279.98	280.64	277.37	266.61	254.06	250.67	319,323,000	359,899,600	318,495,900	352,781,150	371,375,475	
20170320	281.08	284.40	280.00	282.31	275.32	265.18	253.27	250.39	378,811,000	368,430,800	324,524,450	354,893,883	371,327,333	
20170313	273.03	281.95	272.79	281.86	272.63	263.69	252.43	250.16	398,452,000	360,780,600	320,516,300	356,868,533	370,947,475	
20170306	269.07	273.21	268.36	272.29	269.99	262.42	251.55	249.92	349,111,000	353,751,000	316,087,150	359,251,333	371,025,425	
20170227	270.35	273.34	268.72	269.77	269.30	261.67	250.82	249.73	353,801,000	340,702,800	313,110,550	360,032,633	371,050,492	
20170220	269.41	273.18	268.57	270.38	269.44	260.94	250.22	249.55	361,979,000	318,866,400	311,701,700	361,292,333	370,891,408	
20170213	268.48	270.22	267.05	268.84	268.67	260.42	249.72	249.36	340,560,000	306,520,000	305,996,750	358,518,783	370,743,408	
20170206	270.65	271.08	265.76	268.66	268.48	259.85	249.33	249.21	363,304,000	304,165,800	304,070,200	357,025,767	371,011,242	
20170131	269.61	271.25	267.37	268.85	267.39	259.34	248.90	249.00	283,870,000	292,087,000	300,137,700	356,272,117	370,689,325	
20170123	266.77	271.21	265.53	270.48	265.62	258.48	248.43	248.75	244,619,000	275,460,800	292,988,200	356,868,483	371,204,967	
20170116	267.71	270.01	265.37	266.52	263.85	257.83	247.95	248.54	300,247,000	278,583,800	296,873,250	358,326,983	371,328,025	
20170109	263.83	269.95	262.83	267.91	263.06	257.32	247.66	248.40	328,789,000	279,810,600	296,410,250	359,323,233	371,104,158	
20170102	259.42	263.61	258.64	263.20	261.66	256.74	247.28	248.32	302,910,000	273,890,000	295,480,550	360,729,783	370,727,650	
20161226	261.83	262.85	258.62	260.01	259.59	256.52	246.94	248.32	200,739,000	269,129,800	293,782,150	361,121,300	370,723,092	
20161219	262.03	264.42	261.30	261.61	258.04	256.32	246.77	248.33	260,234,000	285,873,600	301,745,550	363,632,667	370,053,925	
20161212	261.59	262.91	259.82	262.56	255.76	255.86	246.57	248.33	306,381,000	316,633,800	305,915,700	366,541,033	370,503,858	
20161205	252.12	262.00	251.52	260.91	253.65	255.31	246.35	248.36	299,186,000	343,336,400	309,683,150	367,876,150	370,536,900	
20161128	252.46	255.23	250.87	252.88	251.98	254.76	246.13	248.38	279,109,000	343,228,800	309,591,250	369,251,117	370,755,467	
20161121	249.70	254.71	248.93	252.26	252.71	254.67	246.01	248.49	284,458,000	349,380,800	313,559,500	369,080,833	370,649,225	
20161114	251.59	252.36	248.71	250.21	253.71	254.23	245.76	248.57	414,035,000	350,405,000	315,086,200	367,725,883	371,489,942	
20161107	254.79	257.03	246.51	251.99	254.69	254.04	245.49	248.73	439,894,000	332,722,800	313,432,000	365,750,483	372,165,817	
20161031	255.60	256.66	251.72	252.57	256.30	253.41	245.31	248.82	298,648,000	294,320,000	314,204,800	364,678,017	371,429,758	
20161024	257.83	259.48	254.13	256.53	257.29	252.86	244.99	248.90	309,869,000	294,996,200	320,856,950	366,109,983	371,769,508	
20161017	255.90	259.67	253.71	257.26	257.65	252.48	244.51	248.90	289,579,000	289,953,200	325,283,000	367,549,050	371,375,967	
20161010	258.85	260.71	253.79	255.09	256.56	251.84	244.10	248.93	325,624,000	260,213,400	332,281,300	372,815,383	371,239,775	
20161004	259.51	261.68	256.67	260.06	257.00	251.17	243.63	248.96	247,880,000	259,552,600	339,050,200	374,530,983	370,960,975	
20160926	258.07	260.95	255.16	257.49	256.29	250.11	243.25	248.92	302,029,000	268,174,000	348,750,000	376,153,583	371,357,983	
20160919	251.51	259.99	251.38	258.37	256.04	249.26	242.96	248.93	284,654,000	269,807,200	356,463,950	377,327,200	371,343,025	
20160912	252.37	253.55	250.53	251.77	256.10	248.51	242.72	248.95	140,880,000	266,664,800	355,279,950	380,629,483	370,689,892	
20160905	257.85	262.10	256.21	257.31	256.98	248.18	242.61	249.02	322,320,000	310,490,200	380,214,550	386,477,100	371,954,508	
20160829	254.93	258.93	253.86	256.50	255.99	247.73	242.49	249.07	290,987,000	314,753,600	387,555,850	392,749,100	371,769,767	
20160822	258.54	258.65	255.02	256.23	254.99	247.33	242.33	249.12	310,195,000	332,902,200	394,407,450	398,632,117	371,795,158	
20160816	256.95	258.84	254.60	258.69	253.75	246.61	242.31	249.10	268,942,000	330,332,800	403,491,650	400,762,200	370,624,217	
20160808	253.34	257.88	252.51	256.17	252.21	245.79	242.24	249.07	360,007,000	348,239,200	417,914,050	402,686,767	370,300,633	
20160801	252.91	254.02	248.60	252.36	249.67	245.18	242.13	249.09	343,637,000	339,236,200	418,290,400	403,236,517	369,864,825	
20160725	250.40	253.37	249.69	251.48	248.50	244.79	242.12	249.16	381,730,000	346,699,000	420,142,200	405,304,283	369,236,900	
20160718	251.08	251.76	248.97	250.04	246.04	244.31	242.18	249.24	297,348,000	361,423,000	424,848,900	407,193,100	368,835,883	
20160711	245.64	251.72	245.44	251.02	244.36	243.80	242.35	249.32	358,474,000	388,291,600	430,821,050	408,963,117	369,139,617	
20160704	246.66	247.94	240.73	243.43	243.95	243.01	242.60	249.37	314,992,000	396,274,800	430,456,600	410,418,217	368,807,408	
20160627	236.79	247.57	236.68	246.52	244.14	242.60	242.90	249.43	380,951,000	419,185,400	435,181,700	411,510,050	368,764,392	
20160620	244.44	248.27	234.97	239.21	243.21	241.52	243.13	249.45	455,350,000	435,195,600	426,415,550	411,016,350	368,427,675	
20160613	246.74	246.96	240.52	241.63	243.11	241.23	243.59	249.60	431,691,000	432,500,800	425,952,400	410,389,983	367,107,625	
20160607	245.55	251.51	245.54	248.96	242.91	240.75	244.08	249.74	398,390,000	437,424,200	429,232,350	413,486,917	366,402,167	
20160530	241.94	244.94	240.36	244.39	241.78	239.74	244.40	249.79	429,545,000	409,941,000	436,383,850	416,692,000	365,543,733	
20160523	239.60	242.41	237.65	241.85	241.94	238.96	244.69	249.86	461,002,000	451,946,400	434,706,050	416,940,550	364,628,892	
20160516	240.01	241.81	238.14	238.74	243.23	238.55	244.94	249.94	441,876,000	453,575,200	433,125,100	415,587,300	363,964,842	
20160509	242.84	244.39	240.03	240.60	245.19	238.64	245.22	250.05	456,308,000	450,803,800	420,809,600	414,748,017	362,193,017	
20160502	244.86	244.90	242.23	243.31	245.43	238.87	245.52	250.16	260,974,000	457,918,000	410,543,150	414,563,783	360,856,408	
20160425	248.33	249.52	243.89	245.20	245.24	238.86	245.67	250.24	639,572,000	517,201,200	413,398,700	416,658,067	361,140,333	
20160418	246.70	249.56	246.32	248.32	244.95	238.61	245.85	250.30	469,146,000	462,793,600	397,402,700	412,568,450	358,668,875	
20160411	241.79	249.03	240.65	248.53	244.22	238.31	245.90	250.35	428,019,000	445,099,000	390,551,850	410,748,017	356,276,033	
20160404	242.38	243.27	239.57	241.77	242.90	238.33	245.93	250.48	491,879,000	454,668,000	387,152,000	405,410,783	354,636,850	
20160328	243.86	247.58	241.82	242.36	242.50	238.48	246.07	250.64	557,390,000	439,650,400	383,217,150	402,578,367	353,005,542	
20160321	245.44	246.18	243.20	243.79	241.07	238.50	246.20	250.77	367,534,000	398,409,400	371,667,700	399,619,450	351,050,758	
20160314	243.90	245.84	241.28	244.63	239.37	238.83	246.30	250.91	380,673,000	406,801,400	370,862,050	400,317,383	350,310,492	
20160307	240.47	242.62	237.21	241.97	235.44	239.06	246.39	251.12	475,864,000	371,792,400	373,565,200	399,611,333	349,742,775	
20160229	235.40	240.31	234.63	239.74	233.70	239.44	246.40	251.30	416,791,000	365,837,000	369,096,400	397,146,283	348,582,475	
20160222	234.58	236.91	233.78	235.22	232.17	239.82	246.50	251.50	351,185,000	381,936,800	367,341,050	395,413,750	347,702,742	
20160215	227.84	235.31	226.86	235.27	230.89	240.36	246.66	251.71	409,494,000	419,983,800	363,226,400	392,087,733	347,282,692	
20160211	227.77	228.35	223.37	224.98	229.59	240.45	246.91	251.99	205,628,000	417,282,800	352,909,750	388,413,733	346,488,042	
20160201	232.87	233.93	227.77	233.30	231.33	240.89	247.29	252.35	446,087,000	462,033,800	357,403,900	389,969,800	347,920,450	
20160125	229.98	232.10	226.16	232.10	232.75	241.28	247.51	252.66	497,290,000	411,929,600	353,876,850	387,760,783	347,355,217	
20160118	225.56	230.12	222.92	228.79	235.39	241.37	247.88	252.95	541,420,000	362,667,400	348,240,650	385,026,417	345,737,958	
20160111	230.77	234.26	228.01	228.78	238.23	241.32	248.29	253.22	395,989,000	318,000,400	340,980,300	382,799,517	343,593,733	
20160104	239.30	239.35	229.91	233.68	240.55	241.50	248.65	253.51	429,383,000	302,733,000	351,458,800	382,068,350	344,175,442	
20151228	245.38	245.51	238.90	240.38	242.24	241.17	248.89	253.75	195,566,000	283,282,200	351,417,650	380,490,483	341,814,167	
20151221	243.01	247.96	242.01	245.33	243.98	241.02	249.00	253.92	250,979,000	316,173,400	358,901,150	382,968,033	343,755,142	
20151214	237.55	245.69	236.94	243.00	243.87	240.74	249.09	254.00	318,085,000	348,614,000	364,974,500	384,996,717	344,646,942	
20151207	243.76	243.81	238.67	240.35	243.82	240.81	249.09	254.07	319,652,000	350,277,200	373,209,800	385,106,533	345,184,692	
20151130	248.30	249.08	241.64	242.15	245.80	241.04	249.08	254.10	332,129,000	356,631,000	381,814,050	385,541,450	346,581,642	
20151123	245.48	250.60	244.94	249.07	247.25	241.44	249.13	254.16	360,022,000	377,152,400	400,139,600	384,329,067	346,860,192	
20151116	239.41	245.50	238.84	244.80	247.32	241.33	249.15	254.11	413,182,000	382,445,600	414,336,900	382,885,083	347,861,067	
20151109	249.87	250.01	242.56	242.71	247.83	241.82	249.37	254.15	326,401,000	376,146,000	415,577,800	380,725,517	348,552,742	
20151102	249.86	253.22	249.33	250.25	248.49	242.41	249.70	254.19	351,421,000	364,644,200	418,478,550	380,324,883	349,245,967	
20151026	250.58	253.41	248.33	249.41	245.87	242.39	249.88	254.12	434,736,000	334,992,200	420,557,100	376,475,183	349,429,517	
20151019	247.49	251.32	246.44	249.41	242.75	242.50	250.09	254.07	386,488,000	307,147,200	422,205,450	374,466,683	348,854,642	
20151012	246.16	248.53	243.91	247.37	241.09	242.78	250.36	253.96	381,684,000	304,958,800	427,634,000	373,197,650	348,765,083	
20151005	238.45	246.02	237.61	246.02	238.36	243.43	250.64	253.92	268,892,000	305,535,200	428,727,250	372,259,817	348,763,300	
20150930	230.45	239.61	230.34	237.15	234.74	244.43	250.97	253.84	203,161,000	330,999,400	437,571,650	372,217,617	350,068,500	
20150921	238.06	239.11	232.66	233.79	233.78	245.64	251.39	253.91	295,511,000	411,479,000	446,438,700	375,254,000	351,531,625	
20150914	234.45	241.30	231.65	241.12	232.45	246.99	251.97	254.06	375,546,000	438,088,800	449,229,600	378,581,150	351,822,083	
20150907	227.53	237.18	226.13	233.74	231.69	248.25	252.34	254.23	384,566,000	432,026,800	451,340,700	378,181,500	352,153,692	
20150831	231.56	232.80	226.03	227.90	232.90	250.12	252.81	254.42	396,213,000	429,602,800	462,987,750	377,429,033	352,155,033	
20150824	225.16	232.55	217.52	232.35	236.18	252.14	253.29	254.68	605,559,000	446,918,400	472,711,850	375,202,883	351,307,008	
20150817	238.22	238.28	225.18	227.14	238.69	253.62	253.76	254.85	428,560,000	424,154,000	464,656,800	369,664,167	349,449,667	
20150810	239.54	241.92	234.75	237.32	243.31	255.10	254.28	255.09	345,236,000	478,170,000	462,219,150	367,390,967	348,516,475	
20150803	243.71	244.05	238.66	239.79	245.21	256.01	254.58	255.22	372,446,000	537,916,400	464,533,300	366,562,383	348,796,650	
20150727	243.58	247.36	241.87	244.30	248.19	256.96	254.90	255.30	482,791,000	551,027,200	468,173,700	365,358,850	349,335,083	
20150720	250.02	251.15	244.38	244.91	250.22	257.35	255.17	255.36	491,737,000	531,352,200	463,365,700	360,750,300	348,851,542	
20150713	247.00	253.15	246.64	250.23	251.21	257.90	255.42	255.43	698,640,000	511,603,200	458,488,600	357,431,917	348,473,758	
20150706	251.25	252.54	241.49	246.83	251.49	257.96	255.64	255.54	643,968,000	465,415,800	441,552,600	350,790,433	345,342,075	
20150629	250.61	256.12	250.20	254.66	253.12	258.14	255.91	255.61	438,000,000	435,634,000	414,743,450	344,958,200	343,170,208	
20150622	251.60	255.42	250.45	254.48	254.26	257.90	255.90	255.66	384,416,000	428,743,800	408,940,150	340,486,233	342,438,192	
20150615	250.14	251.41	246.42	249.84	256.57	257.68	255.91	255.74	392,992,000	441,016,600	408,712,100	337,914,500	342,176,483	
20150608	254.87	255.68	250.84	251.66	258.87	257.68	256.04	255.89	467,703,000	438,518,600	409,533,000	336,493,133	341,352,258	
20150601	259.84	260.00	253.51	254.94	260.70	257.61	256.21	256.02	495,059,000	415,243,800	403,063,350	333,169,517	340,614,417	
20150526	265.96	266.16	259.47	260.39	263.00	256.98	256.30	256.08	403,549,000	399,785,600	394,708,450	330,478,667	338,838,183	
20150518	261.28	266.03	260.45	266.03	265.13	256.26	256.28	256.05	445,780,000	442,577,200	390,172,950	329,316,117	338,549,917	
20150511	263.45	265.51	260.52	261.33	265.58	255.20	256.14	255.98	380,502,000	471,560,200	375,465,150	327,196,600	338,341,492	
20150504	267.57	268.56	260.10	260.81	265.70	254.64	255.96	255.94	351,329,000	484,351,400	365,892,750	326,018,733	338,904,317	
20150427	272.16	272.29	265.85	266.42	264.89	253.99	255.77	255.95	417,768,000	490,047,000	363,275,900	325,839,000	340,585,883	
20150420	266.14	275.11	266.14	271.05	262.71	252.99	255.61	255.92	617,507,000	484,797,200	358,064,800	323,825,267	340,783,708	
20150413	262.62	268.81	262.11	268.28	260.24	252.15	255.40	255.88	590,695,000	450,346,600	343,850,850	319,317,417	338,512,950	
20150406	257.20	262.20	256.34	261.95	257.02	251.42	255.19	255.84	444,458,000	409,533,800	334,706,400	314,395,467	335,806,583	
20150330	256.45	258.43	254.70	256.75	255.83	250.82	255.03	255.84	379,807,000	399,481,200	330,089,450	312,317,233	335,649,925	
20150323	259.48	259.88	255.10	255.54	254.77	250.39	254.93	255.91	391,519,000	395,503,800	327,834,650	312,342,383	336,237,183	
20150316	252.13	260.68	251.56	258.70	253.73	249.99	254.88	255.93	445,254,000	338,757,000	325,469,650	309,638,017	335,552,925	
20150309	254.81	254.94	250.09	252.18	251.95	249.57	254.79	255.90	386,631,000	314,093,000	321,841,950	307,149,033	334,744,475	
20150302	253.13	256.15	252.39	255.96	251.54	249.11	254.81	255.89	394,195,000	312,737,800	318,744,100	305,622,600	333,810,675	
20150223	252.13	253.22	250.56	251.46	250.33	248.30	254.75	255.79	359,920,000	315,780,800	316,321,700	304,769,300	333,649,000	
20150216	250.17	250.67	248.92	250.37	250.10	247.98	254.80	255.76	107,785,000	311,458,800	311,295,000	301,804,050	333,623,883	
20150209	249.05	250.42	246.32	249.76	248.47	247.97	255.02	255.77	321,934,000	355,494,000	319,574,900	303,862,917	335,542,025	
20150202	249.83	253.07	248.68	250.16	247.73	248.40	255.21	255.75	379,855,000	353,675,000	317,658,600	303,432,717	335,906,408	
20150126	248.92	252.50	248.42	249.88	246.65	249.00	255.34	255.79	409,410,000	308,028,800	313,784,000	302,482,067	335,765,717	
20150119	244.06	251.80	243.69	250.32	246.69	249.58	255.52	255.81	338,310,000	263,957,600	299,335,450	300,303,600	335,384,458	
20150112	245.16	247.46	241.77	242.22	246.21	250.17	255.84	255.91	327,961,000	256,094,000	298,131,250	299,874,217	334,644,642	
20150105	243.83	247.11	239.09	246.05	247.06	251.33	256.20	256.07	312,839,000	253,211,000	297,250,500	300,018,667	335,539,608	
20141229	248.25	248.45	243.25	244.79	248.70	252.24	256.50	256.22	151,624,000	257,288,800	297,879,250	299,991,733	336,472,567	
20141222	248.93	251.12	247.67	250.05	250.48	253.29	256.77	256.39	189,054,000	308,525,200	303,616,050	302,477,650	338,708,083	
20141215	243.93	248.14	241.89	247.96	250.45	253.89	257.08	256.42	298,992,000	341,138,200	313,430,550	304,562,350	340,257,967	
20141208	254.49	254.68	245.48	246.44	250.49	254.92	257.40	256.44	313,546,000	348,282,000	323,237,950	305,871,100	340,857,108	
20141201	252.09	254.58	250.12	254.24	250.68	255.77	257.82	256.50	333,228,000	354,416,600	325,139,000	306,949,650	341,069,483	
20141124	252.52	254.57	250.87	253.70	249.92	256.14	258.02	256.54	407,806,000	362,311,000	325,448,500	306,449,500	340,697,667	
20141117	247.73	251.71	246.97	249.90	247.77	256.29	258.15	256.58	352,119,000	345,684,600	318,190,400	304,387,950	341,241,325	
20141110	249.16	252.20	247.33	248.18	245.75	256.83	258.37	256.54	334,711,000	344,410,200	314,246,250	306,282,533	341,670,908	
20141103	249.79	250.01	245.17	247.39	245.13	257.36	258.61	256.49	344,219,000	329,345,200	312,119,100	303,137,850	341,732,050	
20141027	244.02	250.73	242.93	250.45	245.66	257.76	258.83	256.43	372,700,000	315,178,000	309,684,200	304,542,250	341,792,825	
20141020	242.36	245.02	240.91	242.91	247.24	258.17	258.91	256.33	324,674,000	297,359,600	306,060,900	304,297,167	341,330,692	
20141013	241.95	246.07	239.43	239.84	251.12	259.05	259.06	256.35	345,747,000	292,897,400	300,141,100	305,262,850	341,427,442	
20141006	251.59	251.66	243.85	245.06	255.43	260.06	259.12	256.39	259,386,000	247,835,800	297,485,450	307,621,833	341,078,383	
20140929	258.95	259.12	249.22	250.06	258.84	260.98	259.19	256.38	273,383,000	258,803,800	299,523,700	309,391,317	341,616,408	
20140922	262.06	262.10	256.25	258.33	261.91	261.62	259.07	256.36	283,608,000	266,196,400	300,556,250	312,837,050	342,234,825	
20140915	260.92	264.30	259.60	262.31	263.09	261.42	258.92	256.23	302,363,000	274,557,600	294,859,950	316,379,967	342,203,700	
20140911	261.72	262.45	259.80	261.39	263.81	261.06	258.68	256.07	120,439,000	267,357,000	291,247,400	318,167,050	341,879,817	
20140901	265.28	265.93	260.87	262.09	263.93	260.86	258.36	255.91	314,226,000	320,338,000	300,610,950	322,383,850	343,770,992	
20140825	262.89	268.13	262.19	265.41	265.23	260.83	258.04	255.69	310,346,000	356,520,800	298,313,950	323,242,600	345,097,167	
20140818	267.03	268.28	262.14	264.26	264.84	260.59	257.57	255.59	325,414,000	364,765,000	299,477,050	324,332,517	345,276,783	
20140811	264.59	267.37	262.99	265.88	264.32	260.35	257.20	255.59	266,360,000	367,565,800	299,896,150	325,266,783	345,164,267	
20140804	269.66	270.09	261.53	262.02	262.49	259.93	256.71	255.57	385,344,000	366,822,600	302,508,600	327,919,383	345,746,692	
20140728	263.77	272.83	263.74	268.56	262.21	259.36	256.43	255.57	495,140,000	344,401,000	298,732,900	327,809,250	345,129,292	
20140721	262.88	263.84	261.26	263.47	260.25	258.38	256.15	255.56	351,567,000	303,806,600	291,003,150	325,063,017	343,476,758	
20140714	258.11	262.65	257.27	261.66	258.62	258.08	256.11	255.61	339,418,000	292,597,400	288,272,000	326,125,883	344,025,250	
20140707	260.18	260.76	256.23	256.72	258.04	257.92	256.04	255.65	262,644,000	284,760,600	288,652,900	326,881,033	344,474,817	
20140630	259.81	262.23	258.49	260.63	258.81	257.84	256.08	255.75	273,236,000	273,487,400	290,289,600	327,411,133	345,772,383	
20140623	256.43	260.46	256.00	258.78	258.67	257.45	255.95	255.81	292,168,000	277,367,000	292,616,000	329,235,167	347,450,917	
20140616	258.16	260.74	255.03	255.31	259.60	257.03	255.90	255.87	295,521,000	278,963,600	297,073,400	329,641,983	348,645,750	
20140609	261.97	263.19	257.89	258.75	261.13	256.91	255.86	255.97	300,234,000	278,666,200	293,760,200	331,030,917	349,559,675	
20140602	260.49	262.32	259.31	260.56	260.24	256.62	255.70	256.02	206,278,000	252,555,800	293,544,250	333,311,317	351,043,075	
20140526	263.14	263.98	259.31	259.94	259.14	256.26	255.55	256.07	292,634,000	257,322,600	297,982,600	336,952,783	354,059,892	
20140519	262.88	264.50	261.25	263.42	258.64	255.89	255.43	256.08	300,151,000	260,337,800	300,500,750	339,515,600	357,754,192	
20140512	254.23	263.17	253.44	262.97	258.26	255.44	255.43	256.04	294,034,000	253,964,800	294,593,450	339,893,717	360,304,033	
20140507	255.83	255.88	251.72	254.31	257.77	255.46	255.31	256.00	169,682,000	261,879,600	291,457,600	341,382,217	360,392,900	
20140428	256.95	257.97	254.28	255.07	258.80	255.81	255.41	256.02	230,112,000	294,702,400	297,779,600	344,390,150	363,610,483	
20140421	261.77	262.87	257.42	257.42	259.28	255.96	255.57	255.94	307,710,000	312,401,800	302,414,800	346,438,467	365,738,967	
20140414	260.02	262.29	258.63	261.52	257.93	256.12	255.75	255.80	268,286,000	312,825,800	300,964,400	346,211,383	366,763,158	
20140407	259.03	262.57	258.15	260.53	255.43	256.52	255.84	255.60	333,608,000	327,277,600	303,177,450	348,059,317	366,716,317	
20140331	258.54	261.49	256.30	259.47	254.79	256.69	255.86	255.47	333,796,000	319,944,800	303,328,450	347,197,700	367,824,608	
20140324	250.89	258.07	250.87	257.44	254.58	256.93	255.82	255.30	318,609,000	322,592,800	302,199,800	347,783,717	369,231,825	
20140317	249.12	252.99	248.68	250.68	254.14	257.08	255.82	255.20	309,830,000	317,946,600	301,308,300	349,486,383	370,738,100	
20140310	256.19	256.23	248.20	249.02	254.55	257.98	255.91	255.20	340,545,000	319,933,400	301,523,600	351,789,900	373,221,633	
20140303	256.55	258.76	254.52	257.35	254.85	258.90	256.13	255.05	296,944,000	328,087,600	303,372,200	355,332,767	374,689,833	
20140224	255.25	258.74	253.21	258.41	253.95	259.60	256.23	254.90	347,036,000	314,550,200	307,437,950	357,742,150	376,356,067	
20140217	254.33	255.22	250.65	255.22	252.85	260.00	256.35	254.77	295,378,000	304,326,000	305,247,100	357,708,483	378,245,642	
20140210	251.20	253.83	249.39	252.74	252.50	260.32	256.50	254.75	319,764,000	304,259,400	304,683,850	357,217,700	380,801,775	
20140203	251.37	251.76	245.10	250.51	252.45	260.83	256.65	254.75	381,316,000	308,906,000	311,985,350	358,982,617	384,307,808	
20140127	248.22	253.31	247.43	252.89	253.24	261.44	256.89	254.66	229,257,000	269,043,800	300,221,050	360,131,983	386,487,558	
20140120	253.66	257.08	250.58	252.89	255.33	261.83	256.98	254.55	295,915,000	269,455,800	310,182,350	361,467,833	389,728,358	
20140113	253.83	256.52	252.75	253.46	257.00	261.95	257.01	254.36	295,045,000	269,497,200	313,286,350	362,339,917	392,074,658	
20140106	254.70	257.06	251.59	252.48	257.92	261.86	256.97	254.17	342,997,000	275,051,400	317,664,850	361,998,750	395,634,508	
20131230	263.55	264.51	253.18	254.48	259.56	261.41	256.82	253.89	182,005,000	262,192,400	324,879,300	362,528,700	398,161,483	
20131223	262.78	264.63	261.54	263.32	262.58	261.15	256.73	253.75	231,317,000	288,300,800	334,056,800	365,443,717	400,125,825	
20131216	257.70	263.21	257.00	261.27	262.69	260.14	256.52	253.50	296,122,000	309,363,000	346,497,300	367,221,133	403,282,133	
20131209	263.52	264.14	256.08	258.04	263.28	259.54	256.29	253.32	322,816,000	312,383,200	356,500,350	368,380,100	406,144,275	
20131202	270.48	270.84	259.21	260.71	263.77	259.03	256.23	253.08	278,702,000	307,975,800	360,838,950	369,049,367	408,890,783	
20131125	265.85	270.36	262.78	269.57	265.36	258.09	256.09	252.76	312,547,000	315,062,600	365,576,200	370,465,317	411,353,658	
20131118	265.38	268.37	260.97	263.86	264.95	256.75	255.97	252.44	336,628,000	328,056,600	368,236,400	369,415,067	417,312,442	
20131111	262.14	264.33	258.04	264.20	266.42	255.42	255.95	252.34	311,223,000	336,382,800	370,192,050	371,060,550	419,984,900	
20131104	267.88	268.01	260.53	260.53	266.85	254.33	255.93	252.45	300,779,000	334,782,000	373,704,400	372,953,400	422,082,358	
20131028	267.96	271.44	266.88	268.63	267.10	253.13	256.01	252.63	314,136,000	331,448,800	379,941,250	374,938,517	424,336,933	
20131021	271.55	272.56	266.01	267.51	265.96	251.96	255.76	252.72	377,517,000	361,780,400	383,171,250	375,953,583	426,696,867	
20131014	266.52	271.25	265.81	271.24	264.97	251.15	255.48	252.88	378,259,000	315,483,000	380,813,700	375,843,117	429,448,475	
20131007	261.93	266.81	260.09	266.35	262.89	250.66	255.19	252.94	303,219,000	325,527,800	382,667,700	375,189,317	430,712,850	
20130930	261.56	263.57	260.25	261.78	260.67	250.21	255.05	253.00	284,113,000	336,483,000	386,743,100	374,945,833	432,551,550	
20130923	261.64	263.92	260.23	262.94	258.66	250.07	255.01	253.04	465,794,000	356,183,400	387,259,950	378,094,700	434,448,292	
20130916	263.40	264.38	261.06	262.56	254.75	249.56	254.70	253.09	146,030,000	360,481,800	383,104,150	377,059,283	434,147,950	
20130909	256.48	264.27	256.27	260.83	252.08	249.23	254.37	253.23	428,483,000	404,386,800	391,631,500	380,326,250	437,624,267	
20130902	251.65	256.24	250.40	255.25	248.54	248.84	254.02	253.37	357,995,000	414,715,600	389,150,200	379,043,400	437,965,425	
20130826	244.21	251.74	242.54	251.74	247.36	248.52	253.75	253.56	382,615,000	442,353,200	393,103,350	378,364,217	439,196,608	
20130819	248.76	249.89	239.01	243.37	246.57	248.53	253.64	253.79	487,286,000	447,747,800	395,210,900	377,592,033	439,979,275	
20130812	242.79	250.36	242.74	249.23	246.30	249.00	253.66	254.13	365,555,000	424,980,000	393,166,750	374,534,933	440,113,100	
20130805	248.92	249.66	242.42	243.13	245.00	249.71	253.58	254.47	480,127,000	425,019,200	391,030,900	373,841,500	443,785,600	
20130729	247.40	251.65	246.37	249.33	243.83	250.32	253.64	254.87	496,183,000	404,142,000	386,191,750	371,632,600	446,357,542	
20130722	243.32	248.68	242.18	247.80	242.42	250.89	253.54	255.15	409,588,000	381,199,400	378,890,500	368,027,433	447,623,350	
20130715	242.75	245.87	239.51	242.03	240.17	251.73	253.46	255.43	373,447,000	384,385,000	376,061,650	365,592,583	450,344,750	
20130708	236.86	243.88	234.11	242.72	240.84	253.03	253.46	255.75	365,751,000	385,442,800	372,093,550	365,158,133	452,700,008	
20130701	240.58	242.69	236.28	237.28	242.54	254.25	253.34	255.99	375,741,000	378,365,800	372,764,100	366,951,733	454,865,767	
20130624	236.33	242.68	230.18	242.27	247.37	255.47	253.62	256.20	381,470,000	386,285,400	368,072,600	366,221,050	457,523,292	
20130617	245.43	247.13	234.15	236.57	250.38	256.21	253.99	256.32	425,516,000	386,936,800	367,446,950	365,061,750	458,304,200	
20130610	251.49	252.48	244.22	245.36	254.87	257.26	254.44	256.56	378,736,000	360,723,600	367,209,600	363,574,000	457,737,633	
20130603	260.48	262.03	251.14	251.20	256.34	257.80	254.71	256.68	330,366,000	361,512,000	370,674,850	362,449,333	458,895,300	
20130527	257.41	263.34	256.99	261.47	257.30	258.33	254.97	256.80	415,339,000	358,754,200	381,812,400	361,890,500	460,856,933	
20130520	259.51	260.89	255.73	257.32	255.62	258.42	255.11	256.79	384,727,000	351,457,800	383,120,800	361,924,617	462,269,983	
20130513	251.46	259.81	251.19	258.99	253.91	258.86	255.27	256.92	294,450,000	361,924,000	381,135,250	362,068,600	460,926,292	
20130506	257.63	258.56	252.72	252.72	252.51	259.11	255.42	257.09	382,678,000	387,987,200	379,709,300	364,133,633	463,479,600	
20130429	253.63	256.47	251.55	256.02	252.52	259.56	255.68	257.25	316,577,000	400,732,200	381,858,350	365,666,667	466,058,958	
20130422	248.35	254.49	247.89	253.04	253.99	259.99	255.84	257.44	378,857,000	401,984,400	388,543,400	367,649,517	469,474,400	
20130415	250.70	253.61	246.11	248.77	254.45	260.28	256.08	257.62	437,058,000	402,881,800	385,070,950	368,088,433	471,295,825	
20130408	252.85	257.12	250.14	252.00	256.87	260.55	256.35	257.81	424,766,000	385,501,800	380,630,050	368,774,833	470,847,000	
20130401	264.16	264.19	251.35	252.77	259.38	260.52	256.58	257.95	446,403,000	371,150,800	373,120,500	371,167,000	471,878,267	
20130325	258.18	264.74	258.06	263.39	262.43	260.06	256.72	258.07	322,838,000	340,687,200	369,540,050	375,992,783	472,600,442	
20130318	259.03	261.42	255.10	255.33	263.18	259.32	256.64	258.06	383,344,000	351,952,000	371,243,450	380,714,350	474,192,883	
20130311	263.75	264.81	260.08	260.84	264.44	259.11	256.69	258.08	350,158,000	331,665,400	368,974,350	379,403,583	475,144,958	
20130304	268.51	269.12	263.10	264.57	263.69	258.43	256.62	257.98	353,011,000	335,425,200	369,749,450	382,830,817	477,635,350	
20130225	267.70	268.95	263.57	268.01	262.30	257.94	256.30	257.89	294,085,000	348,976,800	370,247,500	385,039,467	479,739,925	
20130218	261.30	268.89	260.49	267.15	259.91	257.16	255.85	257.72	379,162,000	379,768,000	373,726,200	387,314,933	483,323,858	
20130212	258.33	262.52	256.35	261.61	258.82	256.90	255.36	257.59	281,911,000	414,559,000	367,244,700	385,373,317	485,316,650	
20130204	259.28	259.35	253.50	257.09	259.16	256.95	255.07	257.43	368,957,000	446,478,200	374,917,000	388,451,517	488,432,483	
20130128	255.01	259.01	253.49	257.64	260.97	257.26	254.78	257.34	420,769,000	441,690,000	377,708,850	390,679,933	490,489,317	
20130121	261.59	264.83	254.62	256.06	262.23	257.63	254.57	257.25	448,041,000	410,722,400	377,664,700	391,989,817	492,038,650	
20130114	262.84	266.21	258.65	261.71	263.40	257.53	254.49	257.17	553,117,000	406,246,000	374,014,650	394,653,367	493,683,542	
20130107	266.12	266.58	261.49	263.32	263.97	256.97	253.98	257.02	441,507,000	385,678,200	364,903,250	394,046,900	494,070,950	
20130102	266.24	270.74	264.74	266.14	263.06	256.49	253.58	256.82	345,016,000	359,258,400	359,779,450	394,969,983	491,879,067	
20121224	262.39	264.91	260.45	263.92	260.68	256.10	253.20	256.58	265,931,000	359,903,200	356,959,150	398,782,800	493,914,258	
20121217	264.17	265.98	261.22	261.89	258.18	255.85	253.00	256.33	425,659,000	361,632,000	367,314,850	404,385,850	495,834,900	
20121210	260.06	265.79	258.79	264.56	254.50	254.99	252.85	256.08	450,278,000	351,459,000	366,215,350	409,633,000	496,364,142	
20121203	254.91	259.42	253.72	258.78	251.32	253.88	252.44	255.75	309,408,000	332,784,600	360,803,850	412,843,133	496,423,175	
20121126	252.26	255.95	250.45	254.25	249.77	252.95	252.12	255.52	348,240,000	338,495,400	362,909,050	417,988,883	497,665,917	
20121119	244.71	251.44	244.62	251.44	248.36	252.18	251.72	255.29	274,575,000	341,979,400	361,359,250	421,809,400	498,919,133	
20121112	247.87	248.65	242.90	243.45	249.03	251.86	251.37	255.13	374,794,000	359,658,800	364,444,700	429,270,267	501,222,200	
20121105	249.17	253.73	245.28	248.69	250.83	251.93	250.95	255.02	356,906,000	357,431,800	360,898,000	433,794,267	502,426,267	
20121029	248.65	251.49	246.39	251.04	253.50	251.71	250.77	254.86	337,962,000	335,957,000	359,250,150	434,807,933	504,339,225	
20121022	250.19	254.43	247.15	247.18	255.79	251.48	250.47	254.65	365,660,000	355,436,000	359,731,700	439,343,133	506,735,808	
20121015	251.60	257.82	250.77	254.79	259.04	251.31	250.36	254.46	362,972,000	367,262,800	355,442,350	443,908,450	507,581,067	
20121008	261.83	261.89	250.97	252.44	261.09	250.72	249.93	254.15	363,659,000	378,645,600	350,468,600	448,732,200	508,641,075	
20121002	262.82	264.16	260.44	262.07	261.40	250.18	249.44	253.92	249,532,000	380,921,800	349,654,650	452,242,000	509,464,942	
20120924	262.47	263.87	258.80	262.49	259.10	248.87	248.91	253.60	435,357,000	405,193,200	360,846,400	465,209,817	511,711,833	
20120917	264.79	265.63	261.54	263.41	257.35	248.44	248.73	253.24	424,794,000	385,928,000	355,673,550	468,909,250	512,332,842	
20120910	254.80	265.30	251.48	265.02	256.31	248.49	248.96	252.86	419,886,000	358,691,200	350,029,450	471,211,317	512,038,292	
20120903	250.97	254.02	245.68	254.02	255.08	248.41	249.25	252.42	375,040,000	369,323,000	345,847,700	473,735,350	513,392,792	
20120827	251.65	254.64	249.52	250.56	253.24	248.80	249.68	252.05	370,889,000	375,048,800	342,658,500	477,440,150	514,474,450	
20120820	257.65	260.20	252.95	253.73	251.58	249.62	250.27	251.80	339,031,000	369,280,600	338,955,850	483,053,833	516,306,942	
20120813	258.71	261.08	256.63	258.20	248.90	250.43	250.69	251.48	288,610,000	371,776,800	342,873,600	486,236,383	517,775,758	
20120806	249.92	259.12	249.66	258.91	245.01	250.85	250.96	251.23	473,045,000	377,503,600	348,111,400	490,157,267	519,908,833	
20120730	244.80	252.53	244.08	244.81	242.25	251.30	251.08	250.96	403,669,000	350,151,400	345,376,750	490,801,883	519,959,717	
20120723	236.89	242.23	231.68	242.23	242.26	252.47	251.48	250.82	342,048,000	330,189,600	348,926,300	491,236,617	521,051,792	
20120716	239.81	242.21	235.61	240.35	242.65	253.64	252.09	250.69	351,512,000	326,569,800	353,601,300	494,922,283	522,907,342	
20120709	242.36	243.14	233.58	238.77	243.89	255.00	252.71	250.58	317,244,000	325,786,000	356,285,300	496,887,450	524,578,992	
20120702	246.35	248.83	243.91	245.07	244.88	256.32	253.37	250.44	336,284,000	318,311,800	364,335,200	500,029,000	526,382,142	
20120625	243.37	244.90	236.60	244.90	244.46	257.36	253.95	250.24	303,860,000	303,754,400	375,935,800	502,366,517	528,119,183	
20120618	251.43	253.59	243.74	244.15	243.80	258.17	254.59	250.01	323,949,000	312,458,400	397,540,300	505,691,267	530,025,925	
20120611	247.30	248.62	244.55	246.57	242.14	258.89	255.36	249.76	347,593,000	342,342,000	411,649,450	513,729,700	529,868,125	
20120604	235.91	246.39	235.37	243.69	243.62	259.49	256.10	249.44	279,873,000	339,203,400	409,504,700	521,082,483	530,146,625	
20120529	241.14	245.67	240.16	242.98	247.77	260.14	256.75	249.15	263,497,000	345,611,200	423,300,650	527,219,267	530,562,092	
20120521	238.61	243.04	237.02	241.60	251.86	260.25	257.39	248.86	347,380,000	360,162,000	434,402,300	535,096,917	532,229,608	
20120514	254.07	255.02	235.46	235.85	255.90	260.20	258.04	248.56	473,367,000	352,937,200	438,563,950	540,241,883	533,568,450	
20120507	259.71	261.62	253.91	254.00	262.11	260.31	258.64	248.34	331,900,000	317,631,000	428,028,850	542,779,800	534,672,367	
20120430	265.40	267.01	263.70	264.40	265.30	259.83	258.78	248.07	311,912,000	334,728,200	434,764,000	548,825,533	538,066,033	
20120423	261.31	264.48	259.22	263.43	265.74	258.60	258.65	247.72	336,251,000	351,019,000	444,301,500	551,546,650	541,164,208	
20120416	263.58	267.51	261.25	261.84	266.64	257.67	258.68	247.38	311,256,000	367,439,200	452,457,050	551,901,267	544,615,617	
20120409	266.95	267.81	261.47	266.86	267.93	257.14	258.64	247.05	296,836,000	400,120,000	467,286,950	555,341,267	544,740,117	
20120402	267.72	272.83	265.48	269.97	267.68	255.35	258.62	246.67	417,386,000	427,862,400	478,281,600	559,823,367	545,314,975	
20120326	269.13	270.87	265.19	266.58	267.17	253.82	258.46	246.23	393,366,000	425,423,600	482,256,900	562,615,350	545,736,967	
20120319	269.01	271.59	266.15	267.95	266.90	252.64	258.58	245.83	418,352,000	442,398,800	491,277,850	559,783,983	546,826,525	
20120312	265.67	271.68	263.60	268.27	266.47	251.86	258.75	245.39	474,660,000	472,387,600	500,465,950	562,825,567	547,657,817	
20120305	266.56	266.90	258.32	265.62	265.05	251.07	258.83	244.82	435,548,000	524,645,600	513,757,350	566,451,250	548,190,467	
20120227	264.21	269.50	260.76	267.45	263.63	249.79	259.04	244.39	405,192,000	558,762,400	524,124,250	571,299,283	549,021,383	
20120220	268.28	269.26	262.10	265.20	261.87	248.40	259.17	243.89	478,242,000	538,663,600	534,772,300	574,503,217	549,331,108	
20120213	262.14	266.84	260.88	265.82	260.16	246.65	259.27	243.40	568,296,000	554,173,600	539,733,750	572,919,167	548,858,142	
20120206	261.65	264.50	257.65	261.17	256.05	244.88	259.32	242.90	735,950,000	537,620,400	547,430,300	572,589,533	548,668,250	
20120130	257.39	261.96	254.09	258.53	251.93	242.76	259.42	242.52	606,132,000	476,553,000	542,944,500	569,208,100	547,110,167	
20120125	256.22	260.07	256.10	258.65	247.84	241.71	259.48	242.15	304,698,000	407,859,600	533,524,200	567,671,417	547,805,100	
20120116	243.34	256.94	240.88	256.61	244.95	240.44	259.46	241.80	555,792,000	440,240,600	548,793,000	570,886,333	551,111,558	
20120109	238.88	246.06	235.95	245.28	241.59	239.62	259.34	241.46	485,530,000	429,614,600	552,982,350	572,439,883	551,278,617	
20120102	239.04	247.06	236.81	240.57	241.52	238.81	259.47	241.26	430,613,000	432,381,000	561,325,700	574,440,383	553,948,400	
20111226	244.96	245.10	235.70	238.08	243.65	237.93	259.60	241.11	262,665,000	467,829,200	568,507,400	579,332,783	557,858,450	
20111219	238.30	244.95	227.54	244.22	242.24	237.54	259.82	240.92	466,603,000	518,642,000	606,754,200	585,259,983	562,786,583	
20111212	248.73	248.86	236.48	239.82	241.28	237.93	259.80	240.64	502,662,000	524,699,800	616,290,200	588,413,450	565,693,875	
20111205	252.87	253.02	244.67	244.93	241.91	239.79	259.90	240.39	499,362,000	538,924,400	619,303,000	590,298,700	568,162,850	
20111128	235.09	252.82	233.87	251.19	243.40	241.67	259.92	240.06	607,854,000	559,474,800	622,901,300	592,087,483	570,628,675	
20111121	238.54	238.54	229.74	231.03	243.65	243.09	259.85	239.69	516,729,000	586,001,600	622,375,000	592,713,717	572,254,075	
20111114	246.40	249.60	238.50	239.43	245.45	245.84	260.05	239.47	496,892,000	611,233,000	631,924,050	594,095,000	574,568,017	
20111107	252.66	252.66	236.02	242.99	245.50	247.81	260.06	239.17	573,785,000	635,485,200	633,578,650	588,788,150	577,986,125	
20111031	251.36	254.33	243.14	252.34	242.95	249.38	259.97	238.77	602,114,000	636,222,400	631,082,550	589,045,717	580,490,733	
20111024	242.50	256.88	242.44	252.47	238.57	250.07	259.66	238.23	740,488,000	660,245,000	626,562,950	587,283,950	581,301,258	
20111017	242.43	244.22	235.36	240.02	231.80	250.90	259.31	237.66	642,886,000	641,394,200	611,026,200	583,095,283	581,181,367	
20111010	230.64	240.32	230.34	239.67	231.29	252.84	259.07	237.19	618,153,000	596,362,200	607,041,300	580,003,217	582,493,283	
20111004	218.92	231.47	215.53	230.27	230.04	254.72	258.92	236.68	577,471,000	594,746,400	599,604,750	577,342,950	584,352,425	
20110926	221.85	231.23	212.92	230.41	232.02	257.14	258.87	236.24	722,227,000	607,168,000	596,018,050	576,028,867	585,499,992	
20110919	234.58	241.85	218.58	218.62	231.74	259.60	258.90	235.84	646,234,000	593,202,000	583,733,450	573,174,133	586,745,783	
20110914	231.92	238.49	224.16	237.50	232.61	262.85	259.08	235.50	417,726,000	578,804,600	576,589,000	571,058,267	590,498,792	
20110905	234.93	239.64	223.18	233.40	231.18	265.50	258.95	235.01	610,074,000	700,779,600	596,015,450	573,870,517	596,778,442	
20110829	232.80	248.84	229.94	240.16	234.88	268.37	258.83	234.55	639,579,000	710,229,400	604,949,750	574,128,483	601,804,567	
20110822	224.62	232.00	218.09	229.00	242.27	270.50	258.57	234.03	652,397,000	694,897,200	605,374,800	571,253,683	606,954,883	
20110816	238.06	245.62	222.95	222.98	252.99	273.10	258.37	233.64	574,247,000	678,683,400	609,562,750	568,549,950	612,132,392	
20110808	248.34	251.38	218.66	230.38	264.31	275.99	258.41	233.24	1,027,601,000	683,299,600	613,654,300	566,687,883	614,517,158	
20110801	280.86	282.79	249.32	251.90	275.45	278.06	258.30	232.77	657,323,000	619,321,400	593,556,350	558,213,850	615,899,600	
20110725	280.00	282.77	277.05	277.11	280.82	278.58	257.76	232.10	562,918,000	593,853,600	595,422,400	555,756,433	621,751,417	
20110718	279.93	282.73	275.71	282.59	280.26	277.57	256.77	231.23	571,328,000	586,042,600	591,035,450	552,865,267	628,918,875	
20110711	284.22	284.78	274.61	279.59	276.99	276.71	255.60	230.27	597,328,000	574,121,400	580,345,450	553,050,233	633,258,442	
20110704	281.28	287.73	281.13	286.05	274.88	275.69	254.42	229.28	707,710,000	540,606,400	576,361,850	551,508,750	636,672,167	
20110627	272.23	279.69	269.68	278.77	273.44	274.68	253.33	228.17	529,984,000	511,702,000	569,264,450	549,560,050	638,087,367	
20110620	266.41	274.31	264.05	274.31	273.15	273.76	252.27	227.07	523,863,000	499,589,600	572,010,500	549,315,133	641,577,208	
20110613	266.81	275.26	263.02	266.22	274.01	273.72	251.50	225.94	511,722,000	495,964,400	556,991,550	549,660,400	642,900,575	
20110607	276.00	278.26	268.76	269.04	276.68	274.33	250.85	224.87	429,753,000	488,927,000	561,447,800	549,117,550	644,730,283	
20110530	279.25	284.34	275.10	278.84	279.61	274.51	250.16	223.78	563,188,000	503,645,400	574,570,200	550,866,967	648,174,900	
20110523	277.08	278.97	267.77	277.35	281.92	274.48	249.30	222.75	469,422,000	552,258,800	582,732,300	550,892,400	650,062,958	
20110516	277.53	282.73	274.89	278.59	284.62	274.39	248.45	221.76	505,737,000	616,126,400	589,132,600	552,270,533	653,698,008	
20110509	285.16	286.30	277.50	279.59	285.46	274.02	247.51	220.70	476,535,000	644,595,000	583,005,700	552,735,283	653,778,867	
20110502	291.93	295.51	281.93	283.68	285.75	273.47	246.53	219.55	503,345,000	696,519,200	586,604,850	553,871,850	655,998,133	
20110425	291.72	295.16	288.35	290.39	285.16	272.67	245.42	218.42	806,255,000	727,065,800	588,090,800	554,360,583	657,647,358	
20110418	283.58	293.16	278.83	290.84	281.42	271.23	244.15	217.29	788,760,000	690,943,200	573,474,600	546,006,550	659,801,492	
20110411	280.79	283.23	275.12	282.80	275.73	269.57	242.77	216.12	648,080,000	672,120,000	558,916,250	539,210,767	656,034,317	
20110404	281.10	282.73	278.38	281.05	270.53	267.90	241.54	214.98	736,156,000	637,539,800	558,962,500	533,904,917	655,389,200	
20110328	271.70	280.73	270.51	280.73	267.41	266.50	240.33	213.92	656,078,000	561,814,200	552,432,700	529,362,300	658,085,250	
20110321	262.74	272.22	262.64	271.66	263.12	264.88	239.07	212.79	625,642,000	534,129,800	555,836,650	526,895,017	663,534,042	
20110314	256.64	263.59	249.34	262.39	261.94	263.86	238.05	211.64	694,644,000	522,153,800	555,469,400	526,564,933	666,071,925	
20110307	264.12	266.18	256.15	256.83	261.55	262.89	237.36	210.63	475,179,000	500,206,000	553,527,750	527,306,533	669,956,275	
20110228	257.96	265.96	253.90	265.42	264.87	262.34	236.80	209.58	357,528,000	449,867,000	560,557,650	530,781,767	673,796,500	
20110221	265.88	266.07	256.43	259.28	267.48	261.39	236.08	208.55	517,656,000	498,530,800	573,015,700	537,329,967	679,343,225	
20110214	263.49	268.23	258.83	265.80	270.15	260.76	235.46	207.63	565,762,000	533,439,800	579,404,300	534,138,967	685,965,758	
20110207	277.76	278.68	260.13	260.40	272.63	259.64	234.72	206.64	584,905,000	565,573,400	581,096,500	530,806,583	693,490,975	
20110131	274.80	275.95	273.12	273.45	275.67	258.61	233.99	205.50	223,484,000	568,078,000	560,775,300	528,858,583	695,734,217	
20110124	272.25	280.26	271.92	278.45	275.22	256.82	233.08	204.50	600,847,000	600,021,000	579,063,050	533,869,067	701,221,558	
20110117	278.49	279.86	272.28	272.67	273.23	254.59	232.02	203.53	692,201,000	589,555,200	573,841,100	532,490,067	702,298,042	
20110110	274.91	278.52	271.26	278.17	272.23	252.51	230.82	202.78	726,430,000	557,727,800	563,689,450	529,929,683	700,406,083	
20110103	272.84	277.13	271.63	275.61	268.94	249.88	229.75	202.05	597,428,000	515,228,000	550,236,050	526,743,483	699,527,225	
20101227	267.68	271.53	266.79	271.19	265.35	247.66	228.60	201.32	383,199,000	495,261,000	543,291,500	524,159,000	700,039,633	
20101220	265.48	270.44	264.06	268.50	260.97	245.45	227.52	200.64	548,518,000	548,422,200	549,062,850	524,797,117	702,678,367	
20101213	262.70	267.89	261.37	267.67	257.88	243.64	226.49	199.91	533,064,000	559,830,600	549,184,100	524,746,967	704,050,775	
20101206	258.12	262.73	256.28	261.74	254.02	241.72	225.61	199.25	513,931,000	598,049,200	548,495,000	525,012,233	702,823,658	
20101129	249.92	257.65	246.84	257.65	251.91	240.11	224.83	198.67	497,593,000	618,922,400	552,121,500	527,938,783	701,727,042	
20101122	253.82	254.97	246.57	249.31	248.98	238.54	224.13	198.20	649,005,000	650,566,000	558,519,450	531,336,783	700,282,067	
20101115	249.34	253.06	244.75	253.04	248.29	237.30	223.57	197.80	605,560,000	643,920,400	549,423,750	530,117,350	698,602,950	
20101108	252.32	256.51	246.62	248.35	246.99	235.50	223.05	197.37	724,157,000	644,146,200	543,654,400	533,456,417	696,971,058	
20101101	243.92	254.82	242.68	251.22	246.62	234.36	222.62	197.00	618,297,000	628,400,400	530,572,700	536,384,117	694,852,500	
20101025	246.52	248.92	242.14	242.98	245.08	232.99	222.03	196.52	655,811,000	624,662,200	525,615,800	540,313,183	693,481,433	
20101018	246.81	246.93	237.25	245.84	244.44	231.80	221.48	196.16	615,777,000	529,196,200	518,319,150	542,974,300	692,340,775	
20101011	247.99	248.05	241.20	246.56	242.80	230.41	220.87	195.79	606,689,000	523,888,600	507,002,700	546,027,000	690,879,817	
20101004	244.47	248.01	242.59	246.51	240.27	228.69	220.20	195.52	645,428,000	501,832,400	505,789,550	549,169,867	688,908,083	
20100927	240.99	244.44	240.26	243.49	237.18	226.80	219.54	195.31	599,606,000	470,580,400	498,760,100	551,794,433	687,380,567	
20100920	236.71	239.80	236.21	239.80	233.59	225.68	218.89	195.14	178,481,000	442,131,600	498,319,200	555,041,033	686,401,025	
20100913	235.23	237.92	234.83	237.64	231.86	224.45	218.28	195.09	589,239,000	498,142,800	515,159,600	567,184,100	687,597,767	
20100906	232.60	234.95	229.89	233.93	229.73	223.96	217.57	195.09	496,408,000	480,020,200	512,926,600	571,935,750	686,413,017	
20100830	228.17	232.06	226.15	231.04	229.42	223.63	216.79	195.09	489,168,000	490,927,200	512,063,750	575,318,567	686,406,300	
20100823	231.82	233.01	223.91	225.52	229.06	223.46	216.02	195.20	457,362,000	496,950,000	514,341,250	579,267,450	686,079,008	
20100816	225.32	232.09	222.80	231.17	229.86	223.53	215.31	195.27	458,537,000	522,769,800	519,708,850	584,983,350	686,029,300	
20100809	231.59	233.84	223.96	227.01	228.89	223.31	214.44	195.33	498,626,000	556,172,800	524,387,500	591,361,900	685,598,467	
20100802	230.82	234.29	230.26	232.35	228.38	223.07	213.60	195.39	550,943,000	549,865,800	526,137,300	594,971,117	685,781,583	
20100726	229.70	232.14	228.71	229.25	225.31	222.47	212.77	195.35	519,282,000	537,711,800	525,826,600	600,317,433	685,243,917	
20100719	223.64	229.88	223.51	229.50	224.58	221.88	211.92	195.34	586,461,000	526,360,000	526,495,950	609,939,317	684,141,617	
20100712	225.51	230.23	224.58	226.34	223.44	221.11	211.07	195.32	625,552,000	512,899,600	512,423,550	619,686,367	684,160,567	
20100705	217.43	224.44	214.04	224.44	222.01	220.21	210.28	195.25	467,091,000	489,764,800	500,196,600	629,480,650	682,492,117	
20100628	226.17	226.72	216.26	217.01	220.73	219.42	209.50	195.12	490,173,000	474,236,200	493,328,500	642,656,083	682,362,425	
20100621	226.07	227.99	224.44	225.63	219.75	219.01	208.90	195.00	462,523,000	492,686,800	491,999,800	655,714,833	681,967,000	
20100614	220.22	224.18	219.99	223.77	216.38	217.98	208.08	194.88	519,159,000	501,150,000	494,275,700	662,346,433	681,500,008	
20100607	213.55	219.87	211.95	219.22	215.84	217.31	207.25	194.82	509,878,000	515,475,800	498,609,600	673,585,350	680,270,750	
20100531	212.43	218.79	211.81	218.03	215.02	217.38	206.45	194.78	389,448,000	516,558,000	510,072,700	687,746,400	679,218,675	
20100524	207.50	212.93	201.50	212.10	217.00	217.64	205.68	194.75	582,426,000	547,584,200	524,784,950	704,972,483	679,150,067	
20100517	217.34	217.90	207.71	208.78	220.05	218.17	204.93	194.79	504,839,000	526,929,200	533,184,650	713,466,650	675,787,750	
20100510	216.86	221.69	215.88	221.08	223.83	218.82	204.15	194.80	590,788,000	532,905,000	524,252,500	721,835,583	675,407,442	
20100503	227.04	227.72	212.41	215.09	224.98	218.85	203.01	194.75	515,289,000	527,690,200	513,004,050	726,614,683	674,860,875	
20100426	228.50	230.54	224.61	227.95	227.30	218.93	201.88	194.79	544,579,000	535,054,400	510,640,850	733,839,283	674,512,975	
20100419	224.17	229.24	223.04	227.36	226.16	218.47	200.38	194.76	479,151,000	532,863,000	509,617,550	736,140,750	673,545,467	
20100412	227.56	229.84	222.93	227.69	224.78	217.83	198.89	194.83	534,718,000	545,978,600	511,565,350	740,343,017	671,524,850	
20100405	227.37	228.76	224.82	226.81	222.72	216.48	197.40	194.94	564,714,000	545,568,800	511,758,350	745,482,833	669,362,058	
20100329	220.11	226.78	220.03	226.69	220.16	215.83	196.20	195.05	552,110,000	493,628,600	510,285,550	749,233,517	667,614,550	
20100322	219.31	222.63	217.35	222.25	216.50	214.83	195.07	195.17	533,622,000	459,409,200	504,798,000	755,125,483	666,773,275	
20100315	217.53	220.88	214.50	220.48	213.79	214.05	193.89	195.38	544,729,000	418,630,600	499,191,200	754,822,450	666,123,433	
20100308	216.79	219.29	216.14	217.35	211.44	213.37	192.58	195.56	532,669,000	402,404,600	499,230,200	758,124,417	665,807,792	
20100302	210.99	214.09	210.58	214.05	208.98	213.23	191.42	195.63	305,013,000	397,479,000	500,045,750	760,934,133	665,582,517	
20100222	211.92	213.97	206.69	208.36	208.24	213.28	190.43	195.88	381,013,000	457,643,800	519,271,300	773,596,433	667,796,242	
20100216	208.21	213.98	207.77	208.70	210.70	213.64	189.47	196.24	329,729,000	529,269,200	535,294,300	772,857,867	669,617,792	
20100208	204.60	210.17	202.69	208.74	213.61	214.00	188.42	196.62	463,599,000	600,062,000	547,599,800	776,873,483	672,116,133	
20100201	210.53	212.45	204.31	205.06	216.39	214.65	187.51	197.02	508,041,000	657,426,200	564,715,050	786,808,200	673,771,550	
20100125	217.72	220.65	209.40	210.34	219.75	215.52	186.50	197.38	605,837,000	621,057,200	584,303,950	800,173,067	674,825,775	
20100118	222.26	226.16	218.22	220.68	222.02	215.79	185.24	197.77	739,140,000	573,053,600	596,714,150	805,578,917	674,739,950	
20100111	223.31	224.18	219.01	223.21	221.22	215.25	183.90	198.04	683,693,000	518,830,600	600,531,050	812,606,017	672,258,208	
20100104	221.67	224.96	219.15	222.66	220.33	214.57	182.36	198.24	750,420,000	486,914,600	606,293,350	816,811,233	668,212,500	
20091228	223.04	223.06	218.92	221.86	218.70	213.75	181.02	198.42	326,196,000	440,452,000	608,535,400	821,356,483	665,759,600	
20091221	216.47	222.62	215.13	221.67	214.47	212.98	179.80	198.54	365,819,000	482,928,400	632,370,700	837,792,550	666,605,442	
20091214	219.48	220.22	214.69	216.68	212.89	212.15	178.56	198.68	468,025,000	516,816,200	653,799,850	856,175,367	667,247,758	
20091207	215.65	220.01	212.47	218.77	210.92	211.46	177.00	198.86	524,113,000	511,683,000	675,751,850	862,609,850	667,523,192	
20091130	203.81	215.34	202.99	214.50	208.47	210.28	175.91	198.93	518,107,000	491,157,600	693,263,100	868,574,050	667,154,292	
20091123	214.20	215.29	200.06	200.73	206.93	208.91	175.04	198.88	538,578,000	496,638,000	702,326,600	872,106,017	666,814,367	
20091116	207.61	214.62	206.10	213.76	209.73	208.10	174.73	199.13	535,258,000	498,718,400	711,702,750	870,882,483	666,618,183	
20091109	207.29	211.17	205.38	206.84	209.96	206.56	174.35	199.33	442,359,000	529,571,600	724,955,650	872,310,967	666,937,967	
20091102	201.76	207.19	201.76	206.53	211.71	205.18	174.04	199.59	421,486,000	581,394,400	744,900,200	875,920,267	669,089,175	
20091026	213.87	218.27	204.83	206.81	213.59	203.69	173.76	199.96	545,509,000	612,265,000	759,584,850	880,559,617	669,816,858	
20091019	213.89	218.61	211.24	214.73	216.59	202.48	173.32	200.32	548,980,000	664,344,000	775,895,500	883,354,583	670,877,900	
20091012	217.34	219.25	210.92	214.91	218.12	200.64	172.89	200.50	689,524,000	734,511,800	803,276,250	880,635,083	671,936,375	
20091005	212.69	215.85	208.00	215.57	218.30	198.83	172.51	200.56	701,473,000	767,415,200	827,364,250	875,515,300	670,533,567	
20090928	219.89	223.88	213.96	215.94	217.14	197.00	172.28	200.64	575,839,000	790,216,200	852,951,050	869,227,350	671,789,958	
20090921	222.35	225.93	217.83	221.82	215.90	195.09	172.03	200.71	805,904,000	834,836,200	887,039,950	867,088,550	673,753,217	
20090914	215.87	224.75	212.55	222.34	212.79	193.05	171.69	200.69	899,819,000	832,707,600	910,429,650	860,485,700	672,884,125	
20090907	211.08	216.29	208.55	215.81	209.62	190.73	171.39	200.66	854,041,000	813,324,200	908,459,650	853,320,883	671,550,133	
20090831	209.43	212.20	205.80	209.81	207.44	188.65	171.00	200.62	815,478,000	801,396,400	925,432,300	846,649,683	668,174,550	
20090824	209.43	211.07	207.36	209.74	206.07	186.73	170.84	200.59	798,939,000	819,713,800	952,635,450	841,707,250	665,629,492	
20090817	205.97	207.35	198.66	206.26	203.15	184.84	170.71	200.56	795,261,000	834,793,600	983,839,150	835,732,633	663,366,067	
20090810	206.16	206.80	201.01	206.46	199.33	182.88	170.85	200.52	802,902,000	815,616,800	998,679,900	828,646,300	659,425,525	
20090803	203.59	206.67	201.33	204.95	194.95	180.64	171.08	200.45	794,402,000	800,256,600	1,008,883,550	822,966,700	657,785,042	
20090727	196.23	203.35	195.48	202.96	190.55	178.02	171.38	200.39	907,065,000	801,439,400	1,013,040,150	817,761,017	655,575,600	
20090720	188.11	196.31	187.97	195.13	185.81	175.24	171.91	200.33	874,338,000	788,276,400	1,015,125,150	808,011,433	652,857,558	
20090713	184.23	187.96	178.15	187.16	182.11	172.38	172.61	200.30	699,377,000	756,444,600	1,005,541,600	800,890,283	649,849,250	
20090706	182.78	186.51	182.28	184.56	181.22	169.92	173.40	200.30	726,101,000	790,913,600	1,007,137,100	797,494,033	647,726,217	
20090629	179.92	182.96	177.75	182.92	179.86	167.61	174.38	200.32	800,316,000	865,012,400	1,012,987,400	792,890,567	645,688,533	
20090622	176.46	180.46	173.22	179.28	179.01	166.22	175.23	200.34	841,250,000	939,206,000	1,012,459,350	787,075,250	642,020,017	
20090615	182.59	182.64	174.90	176.63	178.96	165.20	176.21	200.38	715,179,000	1,013,597,800	1,015,678,250	779,835,033	638,463,025	
20090608	177.65	183.84	174.87	182.69	179.19	163.94	177.18	200.43	871,722,000	1,122,085,400	1,005,691,300	776,592,050	636,134,608	
20090601	178.42	183.71	175.12	177.77	178.86	161.89	177.92	200.49	1,096,595,000	1,202,480,600	999,247,550	770,170,400	631,764,283	
20090525	177.58	180.31	167.47	178.70	178.51	160.40	178.77	200.57	1,171,284,000	1,155,245,400	979,480,400	758,343,917	626,046,350	
20090518	176.94	184.01	174.56	179.01	177.60	159.18	179.58	200.62	1,213,209,000	1,159,687,400	974,153,750	748,634,767	619,378,967	
20090511	181.42	182.09	176.28	177.80	176.06	157.78	180.21	200.66	1,257,617,000	1,188,953,800	930,328,250	735,503,583	612,453,808	
20090504	178.23	181.82	177.46	181.04	174.90	156.18	180.74	200.65	1,273,698,000	1,222,033,000	895,980,700	722,068,767	604,617,050	
20090427	174.31	177.30	167.14	176.00	172.12	154.84	181.10	200.61	860,419,000	1,185,708,600	885,279,900	708,219,167	597,060,675	
20090420	171.67	176.99	167.66	174.13	169.25	153.26	181.68	200.64	1,193,494,000	1,215,019,800	907,755,600	700,653,583	594,044,100	
20090413	172.49	176.12	167.68	171.33	164.94	151.27	182.39	200.68	1,359,541,000	1,151,827,800	894,590,300	686,956,150	587,529,983	
20090406	168.21	174.78	162.46	172.01	160.13	149.73	183.10	200.80	1,423,013,000	1,069,672,600	884,651,550	670,690,950	577,958,942	
20090330	161.89	168.36	156.20	167.11	153.29	147.67	183.82	200.92	1,092,076,000	921,603,400	860,301,200	653,327,650	569,775,258	
20090323	153.69	163.98	153.61	161.66	147.49	146.43	184.65	201.06	1,006,975,000	849,445,600	856,854,150	638,108,850	564,663,133	
20090316	147.11	155.12	146.12	152.58	142.82	145.77	185.44	201.20	877,534,000	816,672,000	872,123,400	628,979,300	560,151,633	
20090309	139.61	150.54	137.22	147.29	143.34	145.51	186.48	201.48	948,765,000	799,116,200	901,686,100	623,107,067	556,415,308	
20090302	135.42	140.29	129.36	137.83	145.66	144.31	187.69	201.78	682,667,000	790,488,800	896,952,550	615,186,667	552,676,917	
20090223	137.33	143.18	134.44	138.07	148.36	145.07	189.14	202.16	731,287,000	757,043,400	906,917,450	610,950,183	551,075,858	
20090216	153.85	156.14	137.07	138.31	149.10	146.27	190.76	202.51	843,107,000	759,355,400	906,854,350	602,706,683	548,741,633	
20090209	160.77	161.32	151.04	155.19	151.04	148.49	192.48	202.85	789,755,000	730,984,400	887,957,300	593,241,283	545,736,525	
20090202	148.86	158.92	147.55	158.90	150.84	150.26	193.89	203.04	905,628,000	785,983,600	879,517,900	585,995,583	542,769,408	
20090128	146.05	154.04	145.84	151.33	149.29	151.73	195.26	203.20	515,440,000	672,197,800	867,182,350	578,421,067	539,675,225	
20090119	149.42	151.23	141.04	141.75	148.18	153.66	196.86	203.40	742,847,000	683,243,000	876,402,700	577,424,417	540,316,017	
20090112	152.76	154.80	144.44	148.03	150.65	155.60	198.53	203.68	701,252,000	746,610,000	874,920,700	573,491,167	536,178,217	
20090105	154.57	161.53	152.63	154.17	149.92	157.65	199.83	203.93	1,064,751,000	868,346,200	859,148,600	570,230,900	534,487,208	
20081229	144.55	151.15	141.10	151.15	145.95	159.54	201.33	204.10	336,699,000	841,433,600	825,027,900	561,996,050	529,388,875	
20081222	155.33	156.94	144.27	145.81	143.86	162.06	203.01	204.31	570,666,000	1,006,247,000	824,402,750	566,377,717	530,178,742	
20081215	149.09	156.12	148.07	154.10	140.85	164.80	204.83	204.56	1,059,682,000	1,079,315,000	818,245,000	567,358,783	528,954,792	
20081208	136.01	153.63	135.30	144.38	138.48	167.17	206.52	204.75	1,309,933,000	1,072,005,600	785,747,550	560,734,900	523,933,133	
20081201	140.26	141.64	130.09	134.33	139.29	170.16	208.25	204.98	930,188,000	1,072,491,000	743,747,400	549,478,483	516,338,375	
20081124	129.60	141.90	125.63	140.66	141.92	173.09	210.30	205.31	1,160,766,000	1,180,211,000	719,926,450	543,900,983	511,526,758	
20081117	140.35	144.50	118.91	130.76	138.45	176.06	212.18	205.53	936,006,000	1,118,876,600	687,834,750	531,910,400	505,025,300	
20081110	150.78	152.69	135.92	142.26	142.91	179.61	214.12		1,023,135,000	1,108,068,400	663,057,550	519,613,767		
20081103	147.60	159.56	135.95	148.44	146.86	183.23	215.81		1,312,360,000	1,049,446,400	630,404,850	510,162,717		
20081027	123.54	154.66	117.91	147.50	153.72	186.84	217.28		1,468,788,000	880,007,600	587,893,150	495,418,333		
20081020	155.23	160.74	121.14	123.27	162.34	190.60	218.80		854,094,000	710,443,400	538,556,800	478,320,150		
20081013	166.22	178.15	151.53	153.06	175.34	196.18	220.72		881,965,000	671,408,000	511,956,600	472,436,533		
20081006	178.58	178.68	153.42	162.05	182.71	200.40	221.95		730,025,000	634,984,400	490,211,800	465,734,533		
20080929	192.47	193.25	177.95	182.70	186.40	204.00	222.73		465,166,000	631,620,800	478,490,650	461,522,717		
20080922	190.40	194.19	187.03	190.60	187.65	207.04	223.53		620,967,000	615,749,600	477,727,000	462,353,883		
20080916	177.58	189.40	175.63	188.31	187.94	209.21	224.30		658,917,000	568,023,600	469,248,500	461,564,967		
20080908	184.94	190.72	183.63	189.90	190.58	211.70	225.14		699,847,000	501,079,400	456,644,500	462,258,083		
20080901	186.29	186.85	179.08	180.49	192.75	213.94	226.16		713,207,000	450,612,200	447,682,150	459,074,100		
20080825	193.12	194.00	187.99	188.96	196.94	216.28	227.32		385,810,000	389,917,400	436,342,950	458,401,217		
20080818	202.45	203.03	189.58	192.04	200.00	218.27	228.12		382,337,000	406,741,400	436,402,750	463,237,667		
20080811	203.87	204.52	198.96	201.50	200.16	220.01	228.60		324,196,000	421,027,800	446,722,650	465,551,833		
20080804	200.54	202.86	195.77	200.76	199.89	220.80	228.99		447,511,000	459,975,000	451,779,750	474,352,567		
20080728	205.62	205.82	196.77	201.43	200.08	221.25	229.39		409,733,000	458,565,200	451,980,600	480,417,883		
20080721	195.72	208.65	195.62	204.27	202.72	221.31	229.70		469,930,000	450,634,800	453,630,050	485,282,550		
20080714	199.63	202.22	190.02	192.86	205.98	221.62	229.94		453,769,000	449,074,000	450,457,750	489,779,383		
20080707	200.63	203.18	191.54	200.12	211.96	222.82	230.23		518,932,000	454,732,400	446,351,700	489,699,417		
20080630	214.33	215.63	201.25	201.74	218.89	223.50	230.34		440,462,000	415,364,000	439,586,550	489,551,733		
20080623	217.19	221.45	212.91	214.59	226.03	224.18	230.41		370,081,000	416,685,400	436,624,200	490,999,500		
20080616	225.06	226.82	219.56	220.57	229.94	224.30	230.20		462,126,000	441,789,600	427,067,550	490,204,750		
20080609	228.95	231.95	220.45	222.79	234.54	223.72	229.83		482,061,000	439,343,000	426,921,350	492,603,383		
20080602	236.91	237.67	232.33	234.76	236.78	223.34	229.40		322,090,000	433,210,200	429,078,300	493,390,183		
20080526	232.13	237.79	229.05	237.46	237.46	222.59	228.75		447,069,000	450,159,600	436,650,850	497,703,683		
20080519	244.05	245.17	232.10	234.14	236.88	221.94	227.99		495,602,000	464,865,800	435,721,300	498,808,217		
20080513	234.82	245.21	232.71	243.54	235.50	222.02	227.21		449,893,000	463,030,000	422,775,050	497,958,400		
20080506	238.16	240.56	233.17	233.98	232.55	221.91	226.27		451,397,000	450,452,600	414,039,550	498,486,500		
20080428	235.19	238.76	232.00	238.18	231.15	222.19	225.44		406,837,000	477,920,200	409,220,350	496,964,783		
20080421	230.24	234.65	228.56	234.56	226.96	222.36	224.54		520,600,000	481,620,400	411,436,350	497,091,017		
20080414	224.35	228.88	222.66	227.25	221.98	223.00	223.67		486,423,000	467,806,000	408,188,400	495,677,167		
20080407	227.25	229.66	222.38	228.80	217.06	223.73	223.06		387,006,000	459,065,800	409,209,850	493,358,167		
20080331	217.69	227.56	215.18	226.95	213.41	223.57	222.37		588,735,000	462,961,400	415,141,350	493,748,783		
20080324	210.76	217.75	209.55	217.22	211.39	224.43	221.67		425,338,000	419,544,000	414,237,600	490,123,167		
20080317	201.36	209.70	194.85	209.69	210.69	226.17	221.10		451,528,000	411,202,200	422,950,650	489,404,033		
20080310	206.70	214.09	200.01	202.63	211.83	228.43	220.56		442,722,000	397,139,600	431,850,750	487,165,333		
20080303	212.25	216.43	208.78	210.57	214.69	231.08	220.12		406,484,000	344,384,800	442,827,100	485,902,183		
20080225	215.62	221.29	215.52	216.85	214.39	232.97	219.60		371,648,000	354,928,400	454,230,300	487,434,617		
20080218	216.14	219.00	211.77	213.73	214.03	234.99	218.97		383,629,000	385,638,800	465,424,800	488,103,817		
20080211	210.41	216.20	207.11	215.38	215.26	236.99	218.50		381,215,000	403,621,200	468,309,900	485,226,933		
20080204	212.02	217.16	211.92	216.91	217.07	238.58	218.01		178,948,000	413,073,800	459,159,550	486,222,867		
20080128	211.76	212.64	200.84	209.08	220.84	239.90	217.46		459,202,000	424,619,600	473,015,750	491,217,417		
20080121	218.37	218.48	200.99	215.06	227.28	241.28	216.97		525,200,000	387,815,800	471,440,500	491,323,967		
20080114	224.30	225.86	213.50	219.87	232.18	242.47	216.47		473,541,000	353,778,400	467,325,350	489,723,550		
20080107	229.39	233.71	223.64	224.41	236.51	243.39	215.87		428,478,000	349,301,600	468,702,150	490,167,167		
20080102	240.47	240.65	230.41	235.77	241.10	243.53	215.18		236,677,000	354,734,200	471,270,500	491,201,533		
20071224	242.25	246.14	240.86	241.27	242.33	242.17	214.26		275,183,000	408,769,200	483,302,450	494,776,583		
20071217	238.51	240.45	229.96	239.60	239.19	241.64	213.23		355,013,000	454,859,800	495,295,100	498,231,767		
20071210	246.93	248.29	239.06	241.50	240.09	241.50	212.20		451,157,000	497,989,200	506,226,050	499,543,233		
20071203	241.95	251.89	239.64	247.38	242.23	241.35	211.13		455,641,000	527,677,600	518,693,400	500,929,383		
20071126	229.43	244.07	227.09	241.91	243.71	241.55	209.93		506,852,000	562,455,400	521,351,750	503,207,617		
20071119	245.42	245.42	222.51	225.54	246.45	241.96	208.82		505,636,000	593,534,800	529,650,850	498,865,267		
20071112	247.89	252.20	239.39	244.13	251.02	242.51	208.03		570,660,000	619,317,200	538,168,900	498,743,517		
20071105	255.05	263.91	249.27	252.21	253.65	241.37	206.88		599,599,000	624,292,800	535,695,250	496,781,700		
20071029	258.38	263.15	254.70	254.74	253.94	240.01	205.62		629,530,000	592,639,200	548,327,300	493,979,767		
20071022	239.85	255.65	236.86	255.65	252.43	238.50	204.30		662,249,000	506,374,800	557,422,300	490,550,800		
20071015	259.24	259.61	244.20	248.35	249.99	236.71	202.97		634,548,000	465,139,400	559,390,500	487,131,367		
20071008	256.78	261.84	253.56	257.31	247.63	235.23	201.72		595,538,000	423,769,200	564,650,100	483,198,267		
20071001	247.40	256.80	247.06	253.63	243.95	232.89	200.31		441,331,000	393,241,000	557,321,750	479,152,533		
20070927	246.59	247.73	245.52	247.20	240.88	230.54	198.88		198,208,000	405,190,200	560,758,750	478,140,200		
20070917	236.82	243.82	232.14	243.45	236.87	228.49			456,072,000	461,517,600	577,214,750			
20070910	233.93	237.40	228.41	236.54	229.90	226.39			427,697,000	465,766,400	570,530,950			
20070903	238.64	241.25	233.77	238.92	228.73	224.48			442,897,000	483,234,200	579,448,300			
20070827	231.37	238.54	225.31	238.28	228.32	222.40			501,077,000	509,381,200	583,766,900			
20070820	216.42	230.82	215.31	227.18	228.34	220.27			479,845,000	549,266,600	587,758,050			
20070813	232.19	234.82	207.09	208.57	233.19	218.50			477,316,000	555,059,200	589,432,850			
20070806	230.97	243.73	229.04	230.68	241.51	217.45			515,036,000	594,162,800	587,797,700			
20070730	237.31	244.34	228.41	236.91	242.68	215.26			573,632,000	626,355,000	586,124,850			
20070723	250.66	255.38	236.15	238.34	239.56	212.63			700,504,000	615,866,000	575,447,950			
20070716	250.38	251.45	243.71	251.45	236.88	209.91			508,808,000	646,213,200	561,143,300			
20070709	237.23	250.20	237.23	250.19	231.52	206.48			672,834,000	706,737,600	557,491,350			
20070702	220.88	237.03	220.13	236.52	225.44	203.48			675,997,000	712,493,400	541,213,800			
20070625	222.73	227.10	219.36	221.31	221.88	201.03			521,187,000	725,242,000	527,936,100			
20070618	226.27	229.79	223.61	224.95	219.73	199.20			852,240,000	710,798,800	520,436,650			
20070611	221.38	225.26	217.62	224.61	216.08	197.11			811,430,000	642,365,000	496,934,150			
20070604	221.04	223.25	218.36	219.80	212.37	194.76			701,613,000	585,544,600	472,222,950			
20070528	211.17	222.38	208.82	218.74	208.72	192.58			739,740,000	509,701,200	455,488,950			
20070521	205.44	211.87	205.41	210.54	204.63	190.61			448,971,000	482,962,000	443,423,450			
20070514	207.12	208.46	203.79	206.69	201.97	189.04			510,071,000	499,021,600	441,564,900			
20070507	202.45	207.81	202.42	206.06	199.80	187.98			527,328,000	513,187,400	426,612,150			
20070430	197.90	201.56	196.88	201.56	196.91	186.97			322,396,000	510,390,000	422,294,300			
20070423	198.82	201.23	197.17	198.28	194.12	186.09			606,044,000	534,833,400	430,105,550			
20070416	196.24	197.96	193.51	197.24	191.84	185.15			529,269,000	509,940,400	423,083,100			
20070409	192.40	196.82	192.34	195.85	189.28	184.55			580,900,000	476,105,400	418,078,400			
20070402	188.05	192.34	187.67	191.63	186.88	183.95			513,341,000	442,807,600	414,041,300			
20070326	187.41	188.58	185.01	187.60	185.11	183.52			444,613,000	427,293,200	412,901,250			
20070319	184.01	188.13	183.40	186.89	185.63	183.18			481,579,000	407,827,200	413,229,600			
20070312	184.70	186.42	181.54	184.42	185.77	182.79			360,094,000	393,600,000	413,275,350			
20070305	180.94	185.43	177.61	183.87	185.83	182.46			414,411,000	395,820,800	416,955,700			
20070226	189.69	190.24	180.27	182.78	185.69	182.13			435,769,000	389,376,600	422,951,450			
20070220	187.83	190.58	186.85	190.19	184.65	181.77			347,283,000	365,664,000	430,779,750			
20070212	183.22	187.71	181.36	187.57	181.86	181.03			410,443,000	369,594,000	425,731,150			
20070205	183.21	185.47	182.66	184.72	180.22	180.55			371,198,000	387,191,400	430,125,550			
20070129	178.32	183.23	175.65	183.20	179.09	180.07			382,190,000	395,311,800	434,213,200			
20070122	176.81	180.60	174.75	177.58	179.53	179.73			317,206,000	361,077,000	436,677,850			
20070115	180.55	180.66	175.62	176.23	181.21	179.64			366,933,000	385,830,000	442,007,150			
20070108	177.80	179.64	173.58	179.36	182.73	179.63			498,430,000	408,167,600	446,514,650			
20070102	186.02	186.15	177.33	179.10	182.76	179.31			411,800,000	401,600,600	441,521,250			
20061226	185.59	186.49	183.46	185.39	183.99	179.01			211,016,000	405,075,600	438,570,950			
20061218	184.55	187.07	184.31	185.98	183.70	178.13			440,971,000	462,904,000	447,049,700			
20061211	179.45	184.45	177.44	183.82	183.09				478,621,000	472,817,800				
20061204	184.83	185.64	178.94	179.49	182.48				465,595,000	467,329,600				
20061127	183.61	185.54	181.62	185.28	182.41				429,175,000	470,709,400				
20061120	183.13	184.48	181.34	183.91	180.92				500,158,000	471,614,600				
20061113	181.30	183.56	179.51	182.94	179.61				490,540,000	478,448,200				
20061106	178.51	181.42	176.37	180.78	178.11				451,180,000	498,807,200				
20061030	177.05	179.42	175.20	179.14	177.05				482,494,000	457,833,400				
20061023	177.66	179.24	176.51	177.85	176.83				433,701,000	461,000,800				
20061016	176.47	177.71	174.11	177.35	176.26				534,326,000	464,850,800				
20061009	176.22	177.43	169.57	175.42	176.09				592,335,000	444,282,200				
20061002	177.91	179.43	174.68	175.48	176.16				246,311,000	410,573,600				
20060925	175.04	178.95	173.88	178.05	176.27				498,331,000	452,728,000				
20060918	176.38	178.99	174.27	175.00	175.24				452,951,000	432,774,200				
20060911	176.06	176.53	171.71	176.51	174.87				431,483,000	412,742,800				
20060904	176.97	177.25	174.27	175.78	173.10				423,792,000	402,564,400				
20060828	172.98	176.71	172.27	175.99					457,083,000					
20060821	173.46	174.13	170.23	172.92					398,562,000					
20060814	168.11	173.87	167.12	173.17					352,794,000					
20060807	170.21	172.08	167.57	167.65					380,591,000					
